<svg version="1.1" id="Layer_1" xmlns="http://www.w3.org/2000/svg" xmlns:xlink="http://www.w3.org/1999/xlink" x="0px" y="0px"
	 width="100%" viewBox="0 0 518 597" enable-background="new 0 0 518 597" xml:space="preserve">
<path fill="#FFFFFF" opacity="1.000000" stroke="none" 
	d="
M1.000001,154.000000 
	C1.000000,103.025238 1.000000,52.050480 1.000000,1.037860 
	C173.555969,1.037860 346.111938,1.037860 519.000000,1.037860 
	C519.000000,71.687218 519.000000,142.374954 518.629517,213.532883 
	C501.985474,223.386017 485.697205,232.743729 469.441956,242.158401 
	C450.100983,253.360245 430.852600,264.724884 411.390900,275.712189 
	C408.615540,277.279053 407.937744,278.717560 407.940613,281.616943 
	C408.015594,357.276367 408.000000,432.935913 408.000000,508.595428 
	C408.000000,510.003876 408.000000,511.412354 408.000000,513.350342 
	C409.805115,512.501648 410.984528,512.048340 412.064880,511.423706 
	C423.888031,504.587830 435.716217,497.760284 447.502380,490.860992 
	C462.212494,482.250122 476.822998,473.467255 491.595734,464.965881 
	C500.614532,459.775757 509.857635,454.975403 519.000000,450.000000 
	C519.000000,499.306732 519.000000,548.613464 519.000000,597.960083 
	C346.452972,597.960083 173.905960,597.960083 1.000000,597.960083 
	C1.000000,549.646362 1.000000,501.291840 1.370463,452.470184 
	C5.930129,454.344513 10.142381,456.645782 14.304162,459.035004 
	C26.296007,465.919312 38.279839,472.817810 50.243744,479.750549 
	C64.151192,487.809570 78.004761,495.961884 91.935951,503.979492 
	C106.282181,512.235962 120.716415,520.339355 135.070694,528.581909 
	C151.511520,538.022705 167.921158,547.518005 184.317032,557.036682 
	C196.553726,564.140808 208.711441,571.381409 220.972122,578.443604 
	C229.182022,583.172546 237.517136,587.683777 245.783157,592.315796 
	C249.115784,594.183228 251.728958,592.738708 253.292984,590.015076 
	C254.217743,588.404602 254.673691,585.558472 253.863846,584.073120 
	C248.017319,573.350098 241.854446,562.797058 235.676559,552.257690 
	C222.345108,529.514648 208.889206,506.844513 195.589478,484.083038 
	C184.563278,465.212585 173.755936,446.214264 162.727158,427.345337 
	C150.884842,407.084656 138.829895,386.948242 126.990845,366.685669 
	C113.531807,343.650543 100.264442,320.503479 86.811333,297.464874 
	C73.598999,274.838593 60.201363,252.320526 46.989517,229.693970 
	C33.537029,206.655258 20.258566,183.514801 6.762810,160.501648 
	C5.325544,158.050797 2.943665,156.153885 1.000001,154.000000 
M450.336304,111.031731 
	C450.021942,110.958534 449.666565,110.956367 449.399017,110.802017 
	C431.998169,100.762497 414.597076,90.723343 397.212494,80.655678 
	C384.416870,73.245537 371.629242,65.821426 358.864288,58.358631 
	C343.321625,49.271873 327.819458,40.115891 312.275543,31.031286 
	C298.960876,23.249554 285.388123,15.880426 272.361328,7.645744 
	C264.405609,2.616670 257.261353,-0.126702 249.692963,7.695478 
	C249.390854,8.007717 248.772705,7.987053 248.362152,8.225398 
	C227.652679,20.247677 206.909195,32.212082 186.257248,44.332493 
	C164.076111,57.350376 141.984024,70.519966 119.848518,83.615662 
	C105.186668,92.289856 90.533913,100.979591 75.845970,109.609413 
	C59.769787,119.054886 43.659473,128.442261 27.560616,137.849121 
	C21.117338,141.614044 14.664943,145.363342 7.210378,149.705994 
	C177.170715,149.705994 345.868256,149.705994 514.565796,149.705994 
	C514.503296,148.359665 513.778503,147.970856 513.066589,147.559753 
	C501.790253,141.048615 490.502747,134.556702 479.244446,128.014557 
	C469.800171,122.526512 460.390350,116.979164 450.336304,111.031731 
M331.422638,557.963196 
	C343.716034,550.963684 355.906921,543.773376 368.366058,537.082458 
	C372.049194,535.104553 373.119568,533.010864 373.111176,528.903198 
	C372.958832,454.091003 373.000000,379.278412 373.000000,304.465881 
	C373.000000,302.699341 373.000000,300.932800 373.000000,297.892975 
	C334.759918,319.072479 297.438263,339.743347 260.190308,360.373352 
	C260.190308,439.263580 260.190308,518.031860 260.190308,597.364014 
	C261.873352,596.762146 263.285431,596.463562 264.491882,595.794373 
	C278.965088,587.766296 293.448120,579.754333 307.842255,571.585999 
	C315.536621,567.219666 323.063965,562.559143 331.422638,557.963196 
z"/>
<path fill="#000000" opacity="1.000000" stroke="none" 
	d="
M1.000001,154.468658 
	C2.943665,156.153885 5.325544,158.050797 6.762810,160.501648 
	C20.258566,183.514801 33.537029,206.655258 46.989517,229.693970 
	C60.201363,252.320526 73.598999,274.838593 86.811333,297.464874 
	C100.264442,320.503479 113.531807,343.650543 126.990845,366.685669 
	C138.829895,386.948242 150.884842,407.084656 162.727158,427.345337 
	C173.755936,446.214264 184.563278,465.212585 195.589478,484.083038 
	C208.889206,506.844513 222.345108,529.514648 235.676559,552.257690 
	C241.854446,562.797058 248.017319,573.350098 253.863846,584.073120 
	C254.673691,585.558472 254.217743,588.404602 253.292984,590.015076 
	C251.728958,592.738708 249.115784,594.183228 245.783157,592.315796 
	C237.517136,587.683777 229.182022,583.172546 220.972122,578.443604 
	C208.711441,571.381409 196.553726,564.140808 184.317032,557.036682 
	C167.921158,547.518005 151.511520,538.022705 135.070694,528.581909 
	C120.716415,520.339355 106.282181,512.235962 91.935951,503.979492 
	C78.004761,495.961884 64.151192,487.809570 50.243744,479.750549 
	C38.279839,472.817810 26.296007,465.919312 14.304162,459.035004 
	C10.142381,456.645782 5.930129,454.344513 1.370463,452.001526 
	C1.000000,352.979095 1.000000,253.958206 1.000001,154.468658 
z"/>
<path fill="#000000" opacity="1.000000" stroke="none" 
	d="
M519.000000,449.531342 
	C509.857635,454.975403 500.614532,459.775757 491.595734,464.965881 
	C476.822998,473.467255 462.212494,482.250122 447.502380,490.860992 
	C435.716217,497.760284 423.888031,504.587830 412.064880,511.423706 
	C410.984528,512.048340 409.805115,512.501648 408.000000,513.350342 
	C408.000000,511.412354 408.000000,510.003876 408.000000,508.595428 
	C408.000000,432.935913 408.015594,357.276367 407.940613,281.616943 
	C407.937744,278.717560 408.615540,277.279053 411.390900,275.712189 
	C430.852600,264.724884 450.100983,253.360245 469.441956,242.158401 
	C485.697205,232.743729 501.985474,223.386017 518.629517,214.001541 
	C519.000000,292.354218 519.000000,370.708466 519.000000,449.531342 
z"/>
<path fill="#000000" opacity="1.000000" stroke="none" 
	d="
M450.650787,111.244904 
	C460.390350,116.979164 469.800171,122.526512 479.244446,128.014557 
	C490.502747,134.556702 501.790253,141.048615 513.066589,147.559753 
	C513.778503,147.970856 514.503296,148.359665 514.565796,149.705994 
	C345.868256,149.705994 177.170715,149.705994 7.210378,149.705994 
	C14.664943,145.363342 21.117338,141.614044 27.560616,137.849121 
	C43.659473,128.442261 59.769787,119.054886 75.845970,109.609413 
	C90.533913,100.979591 105.186668,92.289856 119.848518,83.615662 
	C141.984024,70.519966 164.076111,57.350376 186.257248,44.332493 
	C206.909195,32.212082 227.652679,20.247677 248.362152,8.225398 
	C248.772705,7.987053 249.390854,8.007717 249.692963,7.695478 
	C257.261353,-0.126702 264.405609,2.616670 272.361328,7.645744 
	C285.388123,15.880426 298.960876,23.249554 312.275543,31.031286 
	C327.819458,40.115891 343.321625,49.271873 358.864288,58.358631 
	C371.629242,65.821426 384.416870,73.245537 397.212494,80.655678 
	C414.597076,90.723343 431.998169,100.762497 449.399017,110.802017 
	C449.666565,110.956367 450.021942,110.958534 450.650787,111.244904 
z"/>
<path fill="#000000" opacity="1.000000" stroke="none" 
	d="
M331.044678,557.997253 
	C323.063965,562.559143 315.536621,567.219666 307.842255,571.585999 
	C293.448120,579.754333 278.965088,587.766296 264.491882,595.794373 
	C263.285431,596.463562 261.873352,596.762146 260.190308,597.364014 
	C260.190308,518.031860 260.190308,439.263580 260.190308,360.373352 
	C297.438263,339.743347 334.759918,319.072479 373.000000,297.892975 
	C373.000000,300.932800 373.000000,302.699341 373.000000,304.465881 
	C373.000000,379.278412 372.958832,454.091003 373.111176,528.903198 
	C373.119568,533.010864 372.049194,535.104553 368.366058,537.082458 
	C355.906921,543.773376 343.716034,550.963684 331.044678,557.997253 
z"/>
</svg>